[-0.3950437543068296, 0.4934594344988223]
[0.7108438306238111, -0.8128481896627299]
[-0.985580503053122, -0.8222078725457281]
[-0.03081694393336149, -0.967423649017779]
[0.003020344877745204, 0.01033230581375233]
[-0.28322066261349677, 0.5839484800722117]
[0.6233766064747626, -0.8028066469978765]
[-0.996910559453481, -0.8048062149850947]
[0.026584676890648785, -0.9117713538206068]
[0.1518145707188021, 0.045946733495366356]
[-0.2816662199938965, 0.5642321262889951]
[0.7017327336348853, -0.8330364328060799]
[-0.9673144663339998, -0.7700396572903669]
[-0.048558221339513374, -0.9644886207782857]
[0.056689396017821914, 0.04493728567981179]
[-0.23918597459722774, 0.5866733839341874]
[0.6626681181561737, -0.8263087820397994]
[-0.9355741778449153, -0.8128578968357117]
[0.01996174709609512, -0.9925332002222162]
[0.010517506837670325, 0.03387438779673829]
[-0.3236133535954391, 0.5596197632077156]
[0.6709665422860662, -0.8805703498901827]
[-0.9728567837368444, -0.8678467092179589]
[0.0327841112878029, -0.9524011454391655]
[0.1032115113077348, 0.028169873537834903]
[-0.3642718369207161, 0.5772753365405257]
[0.7134259018928966, -0.8626564591603646]
[-0.9590367012605737, -0.7824342063243354]
[-0.03809479919233677, -0.995104037427214]
[0.11087179233719971, 0.06054450837381746]
[-0.26900587325279496, 0.5460841293905855]
[0.6499998354703105, -0.8547295993431628]
[-0.9922345227707667, -0.8529657288323438]
[-0.00971927015506219, -0.9607415204717278]
[0.043089660095163025, 0.08062794375029038]
[-0.2870605954262414, 0.5828337990226691]
[0.6772701335198242, -0.863316817351576]
[-0.9130503886589174, -0.8229994946206003]
[0.020403388724767636, -0.9351278305608284]
[0.10316515955614548, 0.0003708165806030478]
[-0.3635142173369881, 0.6008697885124723]
[0.6081517327471835, -0.8791981323019304]
[-0.9633972623712296, -0.8596724516981142]
[0.013111918179896489, -0.9820807006365275]
[0.07561241097480975, -0.011035836649290254]
[-0.3323533037770369, 0.5095691620947057]
[0.6841582030503351, -0.8958126457965497]
[-0.9520170753779569, -0.8264038714308028]
[0.044078765485086026, -0.9641586079951522]
[0.04763964803375087, 0.07857249743592659]
[-0.3144651024706983, 0.6016113848982545]
[0.6753643620321444, -0.8651400744676373]
[-0.9504411059539039, -0.8544183481091056]
[-0.007877303537649101, -0.927809780265682]
[0.06151454612483799, 0.08781527971104508]
[-0.29004247717755904, 0.5510333266193009]
[0.6419036061907305, -0.9188054544647964]
[-0.9620103131177318, -0.8077463292104963]
[0.027660910330651232, -0.9786164943543932]
[0.09521535675835745, 0.0693588311968327]
[-0.31056051734215084, 0.5711928315678508]
[0.6675704845561589, -0.8973171069376524]
[-0.9688447022199248, -0.8968980571722102]
[0.027610533047448114, -0.9556559914138764]
[0.051216241298328136, 0.029814485229452924]
[-0.3642065720587883, 0.5405814869687476]
[0.6282583401380807, -0.8661290874117749]
[-0.993555258507412, -0.8691377663039491]
[-0.04589287235897622, -0.9793547521792632]
[0.1523674873956266, 0.016753341509362155]
[-0.37130691602878285, 0.5036828632887617]
[0.6748368008206939, -0.9380371473005935]
[-0.9901875478748839, -0.7755319902757889]
[0.060299135536819676, -0.9215647672636132]
[0.055752508616283836, 0.0260232601087611]
[-0.2997225693080511, 0.5479166983269592]
[0.7180800589404829, -0.8716984560935699]
[-0.9833041005785883, -0.8300477517798419]
[0.08064778833412735, -0.9596527057671188]
[0.017110553496506475, 0.01844166839336616]
[-0.3852193685148271, 0.5292510848570211]
[0.6545881376523077, -0.8887082961718591]
[-0.9590592105588057, -0.8277794141676701]
[-0.028525050334697627, -0.9932371128387452]
[0.0557313604215805, 0.05655417973337848]
[-0.28238111117982395, 0.5320999941719763]
[0.6704261149698343, -0.9845055199733977]
[-0.9963710233210965, -0.8351256238183246]
[-0.011846418100164624, -0.9960788638757874]
[0.06107991296045837, 0.09590771720063582]
[-0.31474599933883735, 0.5946433837889952]
[0.6437394176241782, -0.8734918292808697]
[-0.9756375156241762, -0.853451742231215]
[0.025791940228726034, -0.9674068949049881]
[0.09774326581600801, 0.08102691922161159]
[-0.3641490990545793, 0.579381441977398]
[0.6735480742834808, -0.7737178551261952]
[-0.9690305265416652, -0.7439983578753944]
[-0.011767355747881843, -0.9214106402001435]
[0.11058233487255043, 0.009157227719648636]
[-0.2890627154929675, 0.5428625505006736]
[0.5753127534135223, -0.8609348290495138]
[-0.999424695905585, -0.9023619343990913]
[0.06414022194049518, -0.9621831264155936]
[0.1312382526167373, 0.09678973417897416]
[-0.3677899397016668, 0.539625523486668]
[0.6446606748908728, -0.8075314628298557]
[-0.9658604936907761, -0.8450359766989918]
[-0.02949871924340014, -0.9410758818683551]
[0.10371752109302468, 0.0685991133148644]
[-0.34211285219122406, 0.5810414168891587]
[0.6032001567517467, -0.8549408157745073]
[-0.9955303478521088, -0.7982640515192226]
[-0.024812668008908634, -0.9645627499968904]
[0.10457973931013148, 0.04464145687335516]
[-0.23981882166639681, 0.5511047061100031]
[0.6875490264549863, -0.8198895163948141]
[-0.9536461497178763, -0.8716474552861881]
[0.01746731244613601, -0.901070281152686]
[0.09524679407459334, 0.03004760114790651]
[-0.29790736893980174, 0.5226793472744966]
[0.7067101910089346, -0.8313056319856601]
[-0.9346253210417823, -0.816360297598484]
[0.07375599221708089, -0.9302326983790351]
[0.08387665643899815, 0.11414510876408099]
[-0.2509432850786814, 0.4810677660519587]
[0.6588809275080368, -0.8808691082670382]
[-0.9560326510895292, -0.8538671833893263]
[0.03794903497655082, -0.9296442152230855]
[0.1016595208066517, 0.029281372331007482]
[-0.3579533674803911, 0.4966714222322298]
[0.7460886812706066, -0.8615724924110874]
[-0.9753266538995796, -0.8876837303513975]
[-0.05614474958220267, -0.9679979511889926]
[0.07780227520553844, 0.0013424353115787796]
[-0.30371919481143206, 0.46052263538609467]
[0.654944244153429, -0.8702282803227824]
[-0.9418048523365008, -0.8307189603201078]
[-0.0016171016313895215, -0.9706517305473283]
[0.10190077260374797, 0.09667647901620405]
[-0.3322072075344487, 0.6204527009689313]
[0.6377358080219876, -0.8903667329905105]
[-0.9654872910174774, -0.8759013928172719]
[0.00900923030676638, -0.9836443734963964]
[0.05664992012523758, 0.035665907334675895]
[-0.2712626861252738, 0.5670114574159285]
[0.6475949675272346, -0.8996003062554992]
[-0.9513033629839309, -0.7950910566251931]
[-0.02867599785702219, -0.9975433374636725]
[0.07804624462567564, 0.06975100161962597]
[-0.335573006240371, 0.558319550563103]
[0.6549866072206656, -0.9122352057784127]
[-0.9797935748937948, -0.786641697056941]
[-0.0015719534484881156, -0.9411927671641028]
[0.08221503787096147, 0.08492052183576135]
[-0.27088868458920407, 0.549869375723657]
[0.5838112363897772, -0.8620491123683056]
[-0.9771533214128597, -0.8567122525106704]
[0.02148730877566219, -0.9867305359627834]
[0.19709218090151354, 0.04944049547522285]
[-0.28680924759751264, 0.549557376933844]
[0.6232926025996071, -0.814834785636556]
[-0.9918922200806144, -0.8452804269913818]
[0.030603790185987197, -0.9347245894227229]
[0.046326401518356125, 0.02578569930933759]
[-0.29539517878911814, 0.6043302936679333]
[0.6397047759038391, -0.8806861605716266]
[-0.9563935573106902, -0.8376123583297013]
[-0.008297067407790452, -0.9604623019568588]
[0.0990430069519042, 0.008787510849283066]
[-0.2959105642596614, 0.5922867551555904]
[0.6409104576958424, -0.9092838860001146]
[-0.9846577753912465, -0.8200220252799327]
[-0.04567523268282118, -0.9592540107690258]
[0.03357837996816837, 0.12483979839468329]
[-0.2763243262775159, 0.4766461664873706]
[0.6808550161274649, -0.8303772791495784]
[-0.9745820420871918, -0.8274750211172432]
[0.07120801240776112, -0.9538394275749814]
[0.04770572328401988, 0.09349202878132704]
[-0.2886813148429071, 0.538846083354474]
[0.6270776858462798, -0.8990156524916482]
[-0.9989251784274272, -0.8461094679034018]
[0.09982121488750566, -0.9607877107111938]
[0.0916303359796389, -0.048122404855197407]
[-0.2859513981089309, 0.5761693806192123]
[0.6632487749871981, -0.8573949226404374]
[-0.9474432379058032, -0.8309845443889817]
[0.0022853569744836714, -0.9607232998089132]
[0.08414363160727739, 0.11317284131940611]
[-0.3195335651830525, 0.44621978461846473]
[0.6662285441982583, -0.8332762650726058]
[-0.9767946890434771, -0.8653459943265434]
[-0.008066109452213473, -0.9761232960608406]
[0.05207822306127897, 0.051285901919338586]
[-0.2768133910784725, 0.46313321301893073]
[0.6588398909835536, -0.8898545184139979]
[-0.9684385795980041, -0.78935438204082]
[0.02558551558593814, -0.9866457946970513]
[0.09280395893718155, -0.00919489330755923]
[-0.2899229039718307, 0.5354700724010416]
[0.6520445035710755, -0.8349027082691631]
[-0.9465204140280825, -0.8534393218500377]
[0.028660096843548397, -0.9638769369947858]
[0.08458858086253973, 0.04553428010381782]
[-0.323007882389299, 0.5896914090170444]
[0.6995998867923888, -0.8844961800607976]
[-0.9858730717777675, -0.8420808908130198]
[0.06392217054186149, -0.8769086551032971]
[0.06626731266879139, 0.08061922656277642]
[-0.24402152852221293, 0.5424164518372957]
[0.6630787595523994, -0.8500627140218966]
[-0.9968152070425591, -0.8115318069639744]
[-0.007171856481428249, -0.9455544558923318]
[0.05556962210874974, -0.045496377780403274]
[-0.2807310171830352, 0.5974444894393669]
[0.6429823493674793, -0.8204842276697204]
[-0.9901127795397765, -0.7691437541383739]
[-0.012504822456960087, -0.9784118769431633]
[0.025947391938126785, -0.015440851489849701]
[-0.340834956597966, 0.5755332175275398]
[0.7628097453078714, -0.9098833096615102]
[-0.9668081692631423, -0.8284389753631332]
[0.045478320253311846, -0.9297289008534818]
[0.06232953140259858, 0.036991323064944015]
[-0.3252909019600798, 0.587965452292215]
[0.7383299477033427, -0.9542829437176981]
[-0.9543729776322954, -0.8035893184779922]
[0.01853510797876267, -0.9907667749293666]
[0.04183381416266953, 0.060925852208643876]
[-0.31286091866026433, 0.5760796924661785]
[0.6722587982914549, -0.8968535109814276]
[-0.9477312810113647, -0.8426974578374169]
[-0.0035511764999201396, -0.915831176455589]
[0.014633348808482105, 0.06142124185102105]
[-0.3099324453107062, 0.6035576273994212]
[0.6608195360202099, -0.8640243281342481]
[-0.9898381287584984, -0.7840089178871834]
[-0.0479216388111069, -0.9196766895273407]
[0.06544770146638669, -0.004157290538916662]
[-0.27628116679708214, 0.5671569431504808]
[0.6337660480233577, -0.9683340512701815]
[-0.9540325699319568, -0.8894806215815063]
[0.06459350736204109, -0.9916349797215444]
[0.0855584333322132, 0.055493123255963964]
[-0.384165131930806, 0.49639610603058015]
[0.7118074937263514, -0.8773676319325401]
[-0.9593467421810986, -0.8230782094749696]
[0.03898181276927331, -0.9729062618993404]
[0.021758318087148003, 0.08139627106311871]
[-0.31796330285746194, 0.578541986635513]
[0.6750949896257502, -0.8248665577118487]
[-0.9293733255056391, -0.8467526086766142]
[0.047470381612006216, -0.8950417533519792]
[0.05010912044631656, 0.05607237554046382]
[-0.3473591744906544, 0.5183987282800238]
[0.7181271735033068, -0.9199862714256463]
[-0.9395231701252522, -0.7811454573887973]
[-0.014162397052952018, -0.9151806466443183]
[0.09683573749951598, 0.06193402496586456]
[-0.27989385356523694, 0.5881042980682152]
[0.6446254277764113, -0.8688290630643737]
[-0.9847225912439999, -0.9177651494984577]
[-0.0006661882777002394, -0.9815648866223007]
[0.09100129752078452, 0.024858130439085736]
[-0.35885420775712523, 0.6011102597070541]
[0.6391763331468352, -0.7930754274665774]
[-0.956986169575769, -0.8832951204480654]
[0.049547596159451784, -0.93815531377232]
[0.1032728789139139, 0.027094912345298237]
[-0.2690021954027136, 0.5696375627677642]
[0.6741120031434009, -0.9011486292154218]
[-0.9894845385947054, -0.7842732059205414]
[0.060404043640425564, -0.9447260027173575]
[0.061050910346604315, 0.11866585934949454]
[-0.29573713799127777, 0.5510036243465336]
[0.6075939099491645, -0.8749549931678925]
[-0.9385209787082548, -0.7691139244682609]
[0.05281109708240181, -0.9564155017629444]
[0.1243634650497453, 0.08085838457877292]
[-0.22982061829319628, 0.595076245529474]
[0.7278248906837603, -0.8468036974367933]
[-0.9837493959900809, -0.815063709535364]
[-0.027059078533922455, -0.97944328869555]
[0.06951684645127246, 0.02364649082550505]
[-0.30163778881117576, 0.5644378472092214]
[0.6409456454065325, -0.879568804287132]
[-0.9915782859572237, -0.8366918798077743]
[0.01728136030866459, -0.9499921154964911]
[0.08781059076501274, 0.15793032021421832]
[-0.2959787501594367, 0.5648713739028793]
[0.6925409438214436, -0.8841665197895041]
[-0.9937079248541005, -0.8895820722431265]
[-0.035607268183281776, -0.9583493750142321]
[0.06383015145120413, 0.013572153266479703]
[-0.3107089436883419, 0.5365603348106881]
[0.6886402441760358, -0.924325468818825]
[-0.9624653936875355, -0.8194626503683953]
[0.028206130032607878, -0.9318671276866849]
[0.07354554453897813, 0.040529940990057176]
[-0.2928519330941461, 0.47377634442848915]
[0.655875647186208, -0.8761807340800692]
[-0.9531941494107429, -0.8550487964467878]
[-0.06822684391108289, -0.9825541303916012]
[0.04728919692597902, 0.031624052829743045]
[-0.2809299141240543, 0.5669904384141842]
[0.7164207539011226, -0.8988219839405603]
[-0.9963798617265858, -0.778175415624125]
[0.0014323993722946977, -0.9792070541362429]
[0.107317658998139, 0.0753886615988881]
[-0.34231839805582126, 0.6128732551776488]
[0.5852011067388916, -0.865738835755122]
[-0.9386106509169188, -0.8801071599930202]
[0.04514636493418813, -0.984823139923146]
[-0.03403741777698302, 0.044773014383998604]
[-0.33002150039876416, 0.5171274459060914]
[0.6599430706096736, -0.8614701647808981]
[-0.9938439564664069, -0.8540809632630059]
[0.01209458872768043, -0.9747520386620915]
[0.03403573116049361, 0.06704770913162464]
[-0.2440838842038599, 0.4747751476903552]
[0.6051076974958065, -0.9133541128119784]
[-0.9940699121466139, -0.8607353631632306]
[0.03645952357338432, -0.9711801156996633]
[0.04727670597068028, 0.02898201596645082]
[-0.3099252291078704, 0.5611648050491895]
[0.6978444792980922, -0.8379976784282491]
[-0.9875208458347718, -0.8588475029298203]
[0.02957940719827397, -0.9994273469812384]
[0.11406495957909615, -0.022321261638958798]
[-0.2887849079945329, 0.5962961447369626]
[0.7135850877943034, -0.9321852861757993]
[-0.9573992943844983, -0.8115123393512661]
[-0.02231910809798618, -0.932406079251856]
[0.13005356626981057, -0.03849530921335899]
[-0.30076614464232426, 0.5517596366230959]
[0.7155633957922829, -0.8474868362879604]
[-0.988216341923183, -0.8595075155785497]
[-0.006659619951243475, -0.9735583997219545]
[0.09722807543042966, 0.001320178495884547]
[-0.2897665677376971, 0.5871684811107423]
[0.6730644467053061, -0.8174450950535473]
[-0.9458012652972176, -0.884172456636927]
[0.05227325151944093, -0.9854183327242734]
[0.027201717673182586, 0.05955244580951143]
[-0.34261428659567433, 0.522574721352954]
[0.6974408881303169, -0.8303904188624741]
[-0.9737269936506088, -0.7772220348182406]
[0.008038073538028392, -0.9394944770096957]
[0.08491176195789031, 0.00954418974149722]
[-0.3491514454075901, 0.5274702229283218]
[0.6319066792156123, -0.8442580174763713]
[-0.9746032236944691, -0.8702059312702182]
[-0.01861644348538338, -0.9353444352832458]
[0.08935542430774185, 0.018318411970161423]
[-0.2576128562621977, 0.4901121755791157]
[0.6709246763305983, -0.9565467524784816]
[-0.9614886078133118, -0.8657266610860265]
[-0.013416940634712167, -0.9509870706211231]
[0.06567174431374986, -0.02896483848202311]
[-0.28220995008067135, 0.588981412549884]
[0.6519046088462532, -0.859128113688739]
[-0.9465013358162429, -0.9367494746799979]
[0.033439328735020646, -0.9262579699106851]
[0.03995184867997775, 0.08141997214284666]
[-0.3039917386925186, 0.6368229154328465]
[0.5911070411638735, -0.8050272770222959]
[-0.9789040576700929, -0.819513530621694]
[0.04442457652260584, -0.9905490535454482]
[0.0707518130948458, 0.03241771851135332]
[-0.2950345104072771, 0.5458291952167306]
[0.7625937820356892, -0.8495119410491269]
[-0.9185650779121308, -0.8462027936452035]
[0.014790549676731157, -0.9256614916996293]
[0.05235488040560053, 0.0348419199684011]
[-0.24096047777702304, 0.5649499508075515]
[0.6731078631653091, -0.8988178003424895]
[-0.9650317322033461, -0.8153606264217367]
[-0.07337450232560078, -0.9635032957477]
[0.06682907421565039, 0.025546155674514362]
[-0.2900504051299516, 0.5798687830332713]
[0.6131309356292568, -0.869671233731781]
[-0.9921827470983651, -0.8658390262564023]
[0.028930736501943048, -0.946234558790516]
[0.07812328325533215, 0.10123533537841328]
[-0.36816814479254956, 0.567994213567717]
[0.6951273604077024, -0.8088174494993117]
[-0.992815093746804, -0.7909195103970594]
[-0.05134025520364333, -0.9503884167887174]
[0.012933861510864675, 0.09292366861171468]
[-0.28716587928631515, 0.5275900335128446]
[0.7441147774511179, -0.8138937640929875]
[-0.9946480843138156, -0.7951901479236264]
[0.13616240404099375, -0.9854198337955077]
[0.12490798718937864, 0.08524129372393463]
[-0.2701404906981101, 0.5253903796129517]
[0.6103696383486245, -0.9006005972575711]
[-0.987954395040398, -0.7695628999634003]
[0.040750027226059304, -0.9393693135859079]
[0.14172546454424068, 0.043159488127327915]
[-0.27367259948254097, 0.5596888634653151]
[0.6669458783378472, -0.8749409304335685]
[-0.9575156284288331, -0.7608044354726005]
[-0.045072490645515134, -0.9405113005216783]
[0.14916955182598451, 0.04737417079049536]
[-0.29249406754832813, 0.5481448785330337]
[0.6792197506006429, -0.8499857173189528]
[-0.9736552016378154, -0.8175174586029736]
[-0.002892051033791589, -0.9955652629335072]
[0.1520229821992542, 0.14413171772189926]
[-0.34934720235424166, 0.6060073263348881]
[0.704586778443087, -0.8512645190432223]
[-0.944629466756064, -0.8427786950063018]
[-0.048411366424562605, -0.9342299423318896]
[0.1452960214241574, 0.019770506663880312]
[-0.2580471635536154, 0.5138760971801668]
[0.6582439122736669, -0.9114731830046177]
[-0.9337239360860601, -0.8183182238427736]
[0.02932072096406475, -0.9764787481603999]
[0.032873382451173404, 0.06023122860716546]
[-0.3473862054203218, 0.6113063309437454]
[0.6294838980667445, -0.9148790464225494]
[-0.9398490203108469, -0.7910973151004155]
[-0.00598284855435639, -0.9664631032264999]
[0.08575776669224222, 0.09222624318421865]
[-0.36376049451849124, 0.5341418219084755]
[0.6539780002972554, -0.752911185290546]
[-0.9590843038730597, -0.8524053872795418]
[0.014471888882983319, -0.944627087676782]
[-0.000874571526577772, -0.04422133780597448]
[-0.3052246060295941, 0.4889620718837696]
[0.6493776985558578, -0.8957092958409344]
[-0.9742464827642134, -0.8235889160459203]
[0.069873341135552, -0.9736862430890412]
[0.03707953991562519, -0.021725335034366633]
[-0.3279583591423429, 0.5345018397739864]
[0.6672188138083086, -0.7829555398616719]
[-0.9988503816226231, -0.8723716455071614]
[-0.012993856548348306, -0.9090191252759603]
[0.06516953366851949, 0.09971538161333937]
[-0.3033617486198636, 0.5580404862678774]
[0.7170224058548426, -0.898814309611855]
[-0.9729288824161562, -0.8700035059426577]
[0.0817876694761679, -0.9533561625941303]
[0.18284194994936165, 0.014477691187645032]
[-0.3184122422198017, 0.5402971595473497]
[0.6589855443631657, -0.8694147307705086]
[-0.9331044153591221, -0.8411945928623378]
[-0.04734863014759588, -0.9911664026200131]
[0.061112018146872206, 0.007609488400687141]
[-0.3080878998178045, 0.5615137137653677]
[0.6675995061995519, -0.9506492150863719]
[-0.9472072023904657, -0.8992357376534139]
[0.05066315995947586, -0.9702670219748134]
[0.16015111340814492, 0.060892771671628806]
[-0.28986509261244087, 0.5480158294732592]
[0.6119701199299338, -0.9308909136745143]
[-0.9876729560266281, -0.8553419216818997]
[-0.03760222582460221, -0.9207716713639449]
[0.0382254764340308, 0.07180059780482063]
[-0.2863017552450089, 0.5005398478387701]
[0.70535734708736, -0.8993950602489191]
[-0.9451600895720438, -0.8402307560768638]
[-0.05495651928927431, -0.847011176385513]
[0.11686560524316243, 0.030331841325941546]
[-0.29568737198651557, 0.5559884472359946]
[0.6944843313116827, -0.8800862359107202]
[-0.99544539488802, -0.8069371446826544]
[0.017069023015197655, -0.9740717558692015]
[0.08870696400611347, 0.04612980242409938]
[-0.31648552488638176, 0.5631535564183954]
[0.5996351592803053, -0.8635313874318838]
[-0.9885716815702246, -0.8542528712261185]
[-0.04072940588148465, -0.9920954937597442]
[0.08782821436521787, -0.005662610053479351]
[-0.3325199674095376, 0.5944565939995343]
[0.6950265570411759, -0.8735147690556798]
[-0.9430370533736148, -0.7969828698119295]
[0.043737883954858565, -0.9156077812750905]
[0.06046226173963184, 0.031898515395966574]
[-0.35276753611027706, 0.5302331070197944]
[0.7121972947980778, -0.8269923301014391]
[-0.9920292148890933, -0.8347758973557838]
[-0.0035313276124513734, -0.9517213992023578]
[0.026470689664018172, 0.0621015162843448]
[-0.29395271865596095, 0.5261270526702589]
[0.7107392571439246, -0.9186841269431453]
[-0.9598170646874564, -0.8499055834630456]
[-0.01557672289523472, -0.9546823198005093]
[0.04950842692012162, 0.10579187667671217]
[-0.3099657527263916, 0.4903658897223596]
[0.5941278038163644, -0.9217745608772406]
[-0.9786767953083166, -0.8488596649574623]
[-0.021980808335667526, -0.9328507089708538]
[0.03926154794895261, 0.047366253868065804]
[-0.2780637308939719, 0.5820689500950732]
[0.6986406413926158, -0.9275529757170765]
[-0.9814552253398009, -0.8309296909375986]
[-0.004915808825007979, -0.9475567866670012]
[0.09551728799678019, 0.0721528086461194]
[-0.2821840567317479, 0.5100711520052104]
[0.6716544457564423, -0.9007256554896231]
[-0.9883562306738569, -0.7947071554716876]
[-0.0694322656755598, -0.9170567590848304]
[0.11544561726631203, 0.04732590698271168]
[-0.22127016595213572, 0.5610847798655318]
[0.6868789543936195, -0.8145086383947685]
[-0.9620274715022102, -0.8707087440767376]
[0.0012700937127857453, -0.9549769023435194]
[0.02195926511073596, 0.008748017596852772]
[-0.30975486834626037, 0.4404571720032126]
[0.67913830678418, -0.9040087559529092]
[-0.9613695853437838, -0.7751473602517367]
[0.003671506768271867, -0.9935956169781669]
[0.05487961830216656, 0.05795339301586658]
[-0.34564115928676975, 0.5767929315693349]
[0.6936564407849501, -0.8387554880176056]
[-0.9910769849618922, -0.8608266248407692]
[0.01176279160945007, -0.9718335874481675]
[0.13578791030499232, 0.048222399458884166]
[-0.31716621584397187, 0.5808396251490353]
[0.7471793245908305, -0.8831840902331565]
[-0.9454300513123561, -0.8004380948167324]
[0.014461048381416696, -0.9669596507953928]
[0.12394458859646659, 0.022103664758690425]
[-0.2979412656428692, 0.47818590334571914]
[0.6326185480488026, -0.828252880994356]
[-0.9035322453483088, -0.8007934760303774]
[0.004489971198252757, -0.9389633653472853]
[0.059094952213587584, -0.033859835598698845]
[-0.3089628573336012, 0.5608840925030767]
[0.6780855818104958, -0.8159830040211672]
[-0.984744852710251, -0.802166448255944]
[0.017433284139888358, -0.9457566637157782]
[0.13764936693800756, 0.07554015424336144]
[-0.3045469680482829, 0.5600496578548394]
[0.6809266765252687, -0.8588013970674779]
[-0.9970069380277206, -0.7960280103637949]
[-0.04070338786201097, -0.9494370510003932]
[0.04944175071369038, 0.0883932772978997]
[-0.3204683409657601, 0.5315257310423804]
[0.6557287106660533, -0.8816760268693415]
[-0.9765380080134552, -0.8986974028692746]
[-0.027595424157281598, -0.9817102509842198]
[0.08254225786805376, 0.03352004386528169]
[-0.29465149305115845, 0.6032317146904678]
[0.7186514269682408, -0.9027443781428993]
[-0.9370015080178394, -0.8347394385340838]
[0.04061737661294137, -0.9816723119043894]
[0.0785209359186432, 0.03732753901732533]
[-0.28987843620349013, 0.6177279161883801]
[0.6399564813695514, -0.8935659159037376]
[-0.9548577614741056, -0.8504352008038638]
[0.09021122702084532, -0.9791695541655976]
[0.1878860866329214, 0.07051817474933766]
[-0.3320338537753148, 0.5201156007900561]
[0.6318174859735429, -0.8977693575098464]
[-0.9770760768232252, -0.8665396537298047]
[-0.022381993790067098, -0.9448217070441626]
[0.10192662375864142, -0.02161821464485375]
[-0.2827127964679064, 0.5864767840252307]
[0.7152434240203807, -0.8258091318577048]
[-0.9646782126272118, -0.8888302753427904]
[0.04204604569063643, -0.9688901496434558]
[0.05609582182245633, 0.07070499328023662]
[-0.24283178405002975, 0.5079800582593322]
[0.6223717287354288, -0.8479302177410303]
[-0.9753807014446235, -0.7939418038543232]
[-0.04865904033411732, -0.943975138001908]
[0.06906738651122157, 0.05119068780971572]
[-0.29350958145217465, 0.5191915508381842]
[0.6841635251683991, -0.8503966638503502]
[-0.9860253399480547, -0.8425055442369233]
[0.001788600541375961, -0.9921387789768042]
[0.13909818166801904, 0.06330193760312644]
[-0.3058140450046006, 0.5924525458887345]
[0.6953036611294475, -0.90648440739977]
[-0.9832942030695121, -0.8090779951793852]
[0.08929743669108525, -0.9687184615915467]
[-0.021776451784130832, 0.04810811025008675]
[-0.26216228930590063, 0.5927127817525989]
[0.6875288707316624, -0.8177045106660732]
[-0.9981528829024453, -0.7892752659297291]
[0.023079892305265096, -0.9824787257393509]
[0.06375995033891342, 0.10724924393004809]
[-0.31094058145442943, 0.565282063355215]
[0.6163059770466319, -0.9047061204926157]
[-0.9747439741853968, -0.8183010118933726]
[0.030465389663311925, -0.9327935087718789]
[0.10011894147110306, 0.06774625600032404]
[-0.23716803373874165, 0.49587212577281986]
[0.6241856618836401, -0.8745063809458526]
[-0.9567484418071504, -0.7989860824953231]
[-0.02968138870439229, -0.9835931454371677]
[0.034471980697345236, 0.04201731510739762]
[-0.3152232958756934, 0.5380987060961828]
[0.6950118623598563, -0.8533170566999736]
[-0.9933067358510326, -0.879265777000243]
[-0.042061798083445734, -0.990881223128233]
[0.05165210812481977, 0.020422031153011354]
[-0.2743219663138013, 0.525287748566511]
[0.6422030680803911, -0.9037038557788071]
[-0.9888534010791353, -0.8414998543443782]
[0.035897429280356954, -0.9051591241632776]
[0.06142687180927703, 0.06770403325052265]
[-0.33512743799728206, 0.5062084023013388]
[0.7023288133533386, -0.9258521035278516]
[-0.989828852207445, -0.8742373260759931]
[0.008515253335421486, -0.9358473755226051]
[0.06342073084721928, 0.04743517882303689]
[-0.2734878224784008, 0.5129490107907908]
[0.6587513806043034, -0.9176633355930984]
[-0.9800255121532304, -0.8516339808350594]
[-0.04141360399692281, -0.9792879009446478]
[0.044317943950020325, 0.0074518101018238025]
[-0.32158619593392923, 0.5913052410684732]
[0.6773744464000965, -0.8652257130481358]
[-0.9874237657580988, -0.8843888526479453]
[0.04631767596515579, -0.9133096979642479]
[0.06513932919336994, 0.06190404075654178]
[-0.3356142163263584, 0.5165869642423501]
[0.6280378748511725, -0.8520959124083605]
[-0.9882099393413434, -0.8160705697470594]
[-0.026185295358395914, -0.9980919285237063]
[0.03945995155430503, 0.06281625008685887]
[-0.28157171989552204, 0.5518115858199675]
[0.6901417343877272, -0.8486337954682582]
[-0.9870115540504325, -0.831092947378714]
[-0.009533443907617251, -0.9458115882329222]
[0.11087575640510261, 0.008694541953404585]
[-0.3733729051073982, 0.5150146811637558]
[0.7205245635596258, -0.8625581373296626]
[-0.9727870545602987, -0.8658202679852564]
[0.046307599333591104, -0.9588906634006292]
[0.09872355420248378, 0.10213621144808371]
[-0.2819122347779034, 0.5780803192353611]
[0.6195070953640867, -0.8492348296115423]
[-0.9947140119664363, -0.8128405125322554]
[-0.02574886170543826, -0.9265513625164961]
[0.09795785693175944, 0.0046929799077911755]
[-0.28574296513071, 0.5485963162224585]
[0.6203220370760725, -0.8827521312128258]
[-0.9995544290186261, -0.8430311839296689]
[-0.02294561317678679, -0.9683248720201005]
[0.02076690800564497, 0.09770540143902727]
[-0.34516359464477153, 0.5039840381875405]
[0.6725063564485134, -0.864618911357486]
[-0.9655625176213656, -0.7973077270734422]
[0.021183549161222427, -0.9574085219373715]
[0.13424358458805824, 0.05140293772243444]
[-0.3575110129261541, 0.5539477582148259]
[0.5929619473807911, -0.8603190076039356]
[-0.9858319161395301, -0.8075289761576017]
[0.051373843754323315, -0.9351087060355414]
[0.09217745095446153, 0.03724870764368321]
[-0.31603410162798606, 0.49066491020758196]
[0.6021483979478401, -0.8898154771197581]
[-0.9546351090882546, -0.8242638902006195]
[0.04734668321063125, -0.992534749136438]
[0.12197875407382147, 0.05539135173767988]
[-0.2735594827135728, 0.6040818625060347]
[0.6949467026712045, -0.8622339008431276]
[-0.9322224901059898, -0.8612784802239315]
[0.03669853201308863, -0.9497691551499907]
[0.01561172112749945, 0.09952798990382528]
[-0.302252532561767, 0.5213200587910705]
[0.6663322979102895, -0.854098084871069]
[-0.9863354479109349, -0.8497479584238062]
[0.043387497943436375, -0.9508249843954419]
[0.2127126462233505, 0.05156690120953326]
[-0.32119620691272993, 0.5811932345288826]
[0.7312535007329858, -0.8707061981561978]
[-0.9391023302987596, -0.8594248254329233]
[0.0945734927404841, -0.9742111993377177]
[0.06424937803945337, 0.017796844950933817]
[-0.28926727427694515, 0.5679361655642698]
[0.5988565442023717, -0.863400721843498]
[-0.9749108344756159, -0.8840100900297423]
[-0.017339280503028808, -0.997917992205067]
[0.039054618977718676, 0.04465807314326355]
[-0.27693250790502016, 0.5364224947900532]
[0.609905785077731, -0.896819902540053]
[-0.9704214158890284, -0.8149848765793725]
[0.010712162503103485, -0.9524332816832997]
[0.07093794880513492, 0.03070648940471136]
[-0.32805900374928215, 0.5765657095773968]
[0.729678502549362, -0.8858543434366932]
[-0.9880175462098566, -0.8253125212620704]
[-0.00944057024156257, -0.9860585274217868]
[0.0760474408109409, 0.006669145779752889]
[-0.274421072353342, 0.49829235035477637]
[0.6169623112293902, -0.8767355300132961]
[-0.9875667230605499, -0.7712564857989519]
[0.05476778056257364, -0.9631178440581541]
[0.075103998243284, 0.010832275414550986]
[-0.3704607208710188, 0.5850960089241843]
[0.6524303912497686, -0.8512822674396111]
[-0.9193063857515451, -0.7872550673604152]
[0.020125928527909825, -0.9556385520827136]
[0.08584376044277955, 0.00230139801370334]
[-0.36609043071788705, 0.5108764516860732]
[0.6539510114875902, -0.8711606751028991]
[-0.9522162299465955, -0.8373086143088261]
[-0.002377626890133329, -0.9210656434707292]
[0.050511011378788745, 0.028432755787319113]
[-0.3052837327775854, 0.5015353176033236]
[0.7494190221356128, -0.8247542977650654]
[-0.9588296033195629, -0.7844571023121774]
[0.04241440376283465, -0.9762430947130474]
[0.04032124698530749, -0.0010539346781791303]
[-0.2993156522841373, 0.5329035090874122]
[0.6847762429574004, -0.8671901479497396]
[-0.9857048862261135, -0.8615202384318429]
[0.011585847858510879, -0.9926423340999159]
[0.12761409761444895, 0.03428076096394247]
[-0.346072585674441, 0.5678168839234469]
[0.6344025426718073, -0.9118155476672382]
[-0.9966251408444863, -0.7999898208719336]
[0.028912365628329332, -0.951842580171009]
[0.0623944567127552, 0.0997554365290185]
[-0.297229322653307, 0.5765540299945706]
[0.6845285925576959, -0.8274063645444553]
[-0.9881863635102326, -0.8625476793124164]
[0.07923099558148122, -0.9015443599877121]
[0.0426774538943394, 0.037430094363861716]
[-0.3422387203936409, 0.5116361630486863]
[0.6838688737854787, -0.798101134174088]
[-0.9952471506339298, -0.7776954017497054]
[0.017722213291620464, -0.9692866313394696]
[0.06502856141638665, 0.02407207146153827]
[-0.2729122656542752, 0.5271806456919985]
[0.6545057906312658, -0.8710943437568147]
[-0.9987101268862332, -0.887443060311994]
[0.010135768264388443, -0.9781480509719793]
[0.07254828928781996, 0.08583038718951408]
[-0.23254541111108365, 0.5570539841531146]
[0.7007350205913307, -0.8916585775386133]
[-0.9891540460493762, -0.8297824061377719]
[-0.0535446443556776, -0.9747594053322745]
[0.06983731877297512, 0.055588774042826035]
[-0.3144627548419267, 0.5884838982288815]
[0.6775568001638888, -0.8445634913478179]
[-0.9835145847375015, -0.8701909057920171]
[0.05464065054875977, -0.9557956191561426]
[0.007205252125556547, 0.03591632039718899]
[-0.3317875498201931, 0.5629736323096788]
[0.738401192140881, -0.8829785198346387]
[-0.9507060630368629, -0.7826903641810942]
[-0.019168568181676626, -0.9818109865514156]
[0.09829539454016424, 0.10560408735996084]
[-0.2968757991059606, 0.4829939416316107]
[0.7108785835418789, -0.8377731744824936]
[-0.9530547272322185, -0.83565356380552]
[0.018000932936290882, -0.9757645010131588]
[0.06762838332963034, 0.037366588954439395]
[-0.29336401636732495, 0.4852228591171732]
[0.6293840365607946, -0.8710337169661586]
[-0.9883129282569864, -0.8116845400471744]
[-0.011816739371874867, -0.9768153703324144]
[0.06402989500506201, 0.013503412565411564]
[-0.3168589933175685, 0.566031980007496]
[0.6252496434221136, -0.9461454220277974]
[-0.980464375747195, -0.7784291232309477]
[0.03426418088441886, -0.9967622193639571]
[0.010816463048400865, 0.02520563502698481]
[-0.31490334404923304, 0.5084851278173865]
[0.622969067481451, -0.8748630315965338]
[-0.9263985197760698, -0.7943683649721117]
[0.02074154299893067, -0.9376668905655714]
[0.12021481829809777, 0.04459396448521339]
[-0.35210107395982154, 0.5405604894239759]
[0.7017191055339006, -0.8587822388130725]
[-0.924625050000955, -0.7724179007887063]
[0.004605751826543937, -0.9236753605858028]
[0.09570663671729872, -0.032562636697853406]
[-0.2447909357379196, 0.5413780788957959]
[0.6311246465285634, -0.8733220275968462]
[-0.9873972906928294, -0.8569025221957602]
[0.015773363985117403, -0.9760921753436348]
[0.03736465587099262, 0.06031836439208364]
[-0.3036970242963028, 0.5506825491739425]
[0.6513529713454477, -0.8595474107222668]
[-0.9871903836126977, -0.7475152487482701]
[-0.0374539655091406, -0.9998385210016958]
[0.08549492118550953, 0.08937950245432487]
[-0.2552163025989584, 0.5503651045212841]
[0.6565708842691615, -0.8429025196275396]
[-0.96962426545816, -0.7719057966651878]
[0.0337095081278682, -0.9579366890808064]
[0.06646894461491744, 0.01887328029472168]
[-0.33599631807966185, 0.4980218289838111]
[0.7493214033509894, -0.8180262548094813]
[-0.9785114603224803, -0.9039048838135354]
[-0.03796843336070793, -0.9650817054355567]
[0.045516643751907074, 0.05354362634275023]
[-0.34161659287898144, 0.5932365377706433]
[0.6736364587123693, -0.9190960578308407]
[-0.9990513966167766, -0.8248917172323451]
[0.06118016360392498, -0.9799099812388119]
[-0.006014614682051264, 0.10534055462332284]
[-0.26104726550687846, 0.5049311979967405]
[0.6545161695711025, -0.8433072681241004]
[-0.9712687038154756, -0.8737029441336885]
[0.0187601640522504, -0.9480316267988378]
[0.04126769826320418, 0.043335656270438526]
[-0.3483178149893794, 0.583530059544953]
[0.6825078180624036, -0.8578840413783455]
[-0.9698780657142074, -0.8456926783605994]
[0.08274650304202424, -0.963905163888239]
[0.07348403232628403, 0.04777339194165761]
[-0.21779251952237466, 0.5617443063815573]
[0.6683179993722311, -0.8186431403694744]
[-0.9264784140969761, -0.7839428082107237]
[0.06692444527061239, -0.9566294047518622]
[0.010948933168812174, 0.0025456073053436237]
[-0.24080713726633732, 0.6899044901758654]
[0.6165280880417471, -0.8764359340969261]
[-0.9633772188604292, -0.815567759504122]
[0.0026787647682975247, -0.9321401312715378]
[0.07216088348075711, 0.10378497779360174]
[-0.3737777858459449, 0.5709137288012386]
[0.7065765637037046, -0.8639048673077556]
[-0.912017887175366, -0.8256835795714141]
[0.02822588245917388, -0.966037400450539]
[0.056076811857222866, 0.07789942543492567]
[-0.28546650212827795, 0.6048740859078902]
[0.6227103373563115, -0.8964581644849314]
[-0.9756724273983108, -0.7822904730893886]
[-0.03439013474448666, -0.990295460491044]
[0.07077370483690885, 0.04516060554429962]
[-0.3290429289788401, 0.5188638191382279]
[0.6625358201859849, -0.8752772087033408]
[-0.9937457426722925, -0.8204200229220683]
[0.08276433369693838, -0.8930858053436833]
[0.06100171512027759, 0.004967535541280259]
[-0.23593215422405728, 0.4861848274274806]
[0.6257776759468042, -0.8834688965996716]
[-0.9954381799038197, -0.8725393680137189]
[0.07332204126146505, -0.9862081236452963]
[0.08096680590119615, 0.033264663392064395]
[-0.37808003485861885, 0.6262392213756548]
[0.6729311434586707, -0.9062811229281885]
[-0.9849604924398084, -0.8204163830249271]
[0.03707204325170837, -0.9661092455783292]
[0.04611494463982234, 0.03585624284286903]
[-0.39572056368227154, 0.5437815295816916]
[0.7082827594228087, -0.9423509249694131]
[-0.9340214470359616, -0.808487764782513]
[-0.05251860307969286, -0.9935368720815075]
[0.0579878239586966, 0.051643306393597405]
[-0.2687489271588568, 0.4949074222256041]
[0.6619900826011041, -0.8465162738626082]
[-0.9769846726061043, -0.8623395377508302]
[0.059677265300881535, -0.9299920046805177]
[0.08038046165112087, 0.05179449155065773]
[-0.3113961895574254, 0.5284070995250476]
[0.569620571362677, -0.8594836230538778]
[-0.9598342767759134, -0.8871485373338871]
[0.0047132393393499485, -0.9378634962854258]
[0.15724381805314833, -0.012991020945815501]
[-0.36558104735606034, 0.5838345559382894]
[0.682551046025187, -0.8702302202323547]
[-0.9636414252378903, -0.7551877602909821]
[-0.0018011213464618203, -0.9607070738728597]
[0.13919635000491581, 0.08504593131166033]
[-0.27688525765472477, 0.474010073786552]
[0.7274941253298799, -0.8567592750137781]
[-0.9764309165849809, -0.8433712947489126]
[0.0012256203950282672, -0.9910438070794575]
[0.004823872073494634, 0.07662405928724292]
[-0.25987494529498256, 0.5935721334623427]
[0.6516456380156216, -0.8680643042269054]
[-0.963465516773491, -0.8278911100094638]
[0.019763614194524378, -0.9554063618343577]
[0.10180393632349866, 0.02238649903544196]
[-0.3561231076495287, 0.601029038243279]
[0.592826644500141, -0.8571040248607489]
[-0.9980138467260012, -0.8455842230588491]
[0.009685498487905403, -0.9541102716279152]
[0.13516642729164585, 0.014860645494976482]
[-0.3112019858303293, 0.5942225426737714]
[0.5768292567385189, -0.8667271203257525]
[-0.9635727461315495, -0.874821328584958]
[-0.0024483201403382292, -0.8957212136367393]
[0.05384092419905348, 0.0071689397196484025]
[-0.3521532282126172, 0.579179563287006]
[0.5946813666388362, -0.8917178043653909]
[-0.9775144218114967, -0.8809268910086369]
[-0.03513517909127759, -0.9992248651203529]
[0.07421172051096975, 0.04795273405195425]
[-0.3045870032015894, 0.46302491585375705]
[0.6317788022421975, -0.752393929510248]
[-0.9892150538684957, -0.8132735729012972]
[0.05934826571097082, -0.9342728519450257]
[0.03251235447864215, 0.05242268771328765]
[-0.2686678461739935, 0.5361857320978605]
[0.6672534746025218, -0.9179583124087959]
[-0.9929044967230126, -0.8067103291048197]
[0.11022496357978667, -0.9976192074442343]
[0.10063088138775593, 0.033734319527574504]
[-0.31738459752115866, 0.5563411579075973]
[0.6673700321869348, -0.7793176034840166]
[-0.9695667853149856, -0.8455733546052348]
[0.050164124956410955, -0.9081033589528904]
[0.08752017688578183, 0.03998335966947131]
[-0.3174595744503426, 0.5418012787776941]
[0.7272612063301706, -0.8691240042052558]
[-0.9499371083264163, -0.9010306380634163]
[0.0114462705858119, -0.934143096432195]
[0.1090387358493961, 0.039900231427759]
[-0.3160366730022464, 0.5370466127806001]
[0.7013773793681207, -0.8549400013323302]
[-0.9818835485827369, -0.8272631480640115]
[-0.03020138752767454, -0.9664800855119808]
[0.0704521729023995, 0.020730631258367115]
[-0.38036688627876886, 0.44269569020805843]
[0.6920643140771533, -0.9260057139433653]
[-0.9696090920312906, -0.9090008800708256]
[0.013085402314522102, -0.9700920561250627]
[0.08166225811363632, 0.03393637345287069]
[-0.3254162347725876, 0.6031559676461361]
[0.6557026628673357, -0.876322868984402]
[-0.9472334226174988, -0.8001623546200741]
[-0.0558753100396335, -0.934555927366893]
[0.12785288195889366, 0.10964598841184701]
[-0.27136965420007597, 0.5314860918429355]
[0.6656109742951454, -0.85662637693041]
[-0.9705812866860216, -0.8401861608243933]
[-0.028257959947331657, -0.9320039864508912]
[0.05607658832104649, 0.03082164149500478]
[-0.3257713749543392, 0.5153810887777199]
[0.6723999533949366, -0.8499640487473628]
[-0.995856888556475, -0.8732391571272973]
[0.017971591934531392, -0.9848108193870124]
[0.03577247967354308, 0.04500427651344867]
[-0.26763479636298737, 0.5631331280482582]
[0.7251116076193663, -0.819757138235393]
[-0.9741434366965216, -0.7895764528855642]
[0.05644062570878088, -0.9959037237148649]
[-0.001496598193191881, 0.04464023658010233]
[-0.2438332740327093, 0.48615670599618976]
[0.6907140848710783, -0.8474317043487435]
[-0.9480283495159745, -0.8532360451886164]
[-0.023147283405231443, -0.9578317904047925]
[0.0975980135319928, 0.0709759968159988]
[-0.2878021667911892, 0.5720518058102738]
[0.7096769277069767, -0.9083916817940036]
[-0.9754077192885077, -0.7756978389875762]
[0.01595794186155987, -0.9370000646288207]
[0.04880125801824153, 0.022868981626200043]
[-0.3207022779040006, 0.5052971027790089]
[0.7181219863790398, -0.8125840536908246]
[-0.9856595247862017, -0.830815548442901]
[0.01059250644991881, -0.9985276680427229]
[0.061412025738674506, 0.04238326735104303]
[-0.3325324596197488, 0.6017982415744405]
[0.6889919185540418, -0.8338959526884423]
[-0.9321081771198594, -0.8678807479846594]
[0.027362922580457458, -0.9337718652590036]
[0.14742284554385876, 0.04217647679591667]
[-0.2979516369313347, 0.541028490875634]
[0.7159040974280737, -0.8786489850312567]
[-0.9787653181583424, -0.8650036076134097]
[0.05528097486337277, -0.965854390634114]
[0.12658213009598496, 0.15197235516289292]
[-0.3358395686759424, 0.5983769979730117]
[0.587619610098203, -0.887097623157943]
[-0.9855381139073894, -0.8816472316903083]
[0.008812065627319673, -0.9513341285479964]
[0.00424457911537339, -0.06639805075822147]
[-0.41233212127490615, 0.5961811037210438]
[0.6861371293411789, -0.9078103322352516]
[-0.9387882289688798, -0.7553604644352827]
[0.003432586118576479, -0.9808262394930601]
[0.005759545855880691, 0.010343273062430984]
[-0.3240379504224463, 0.5547363549824349]
[0.6582649162229837, -0.829582140878341]
[-0.9970378314234589, -0.8732153270063678]
[-0.04774844950117536, -0.9946680286773356]
[0.027968270036046412, 0.05634443924952849]
[-0.313283204203347, 0.5392439257218842]
[0.653354141326922, -0.9273207462603865]
[-0.9863543880379719, -0.7845433476175224]
[0.022396833059498154, -0.9529402433097969]
[0.13392612601615642, 0.08810833024563869]
[-0.28020605203581117, 0.42753350171222104]
[0.6872229194999585, -0.8116840871595321]
[-0.9543007833618291, -0.8432443952769478]
[0.08261397363068952, -0.9706537645774639]
[0.03298312656987344, 0.07909554285146567]
[-0.35730300687202465, 0.5652275888371092]
[0.584749570861319, -0.8050645580198285]
[-0.9998065496914218, -0.8166127629764928]
[0.03026496642562146, -0.9871570570040307]
[0.12080984151636368, 0.06286419168831384]
[-0.23034378199613348, 0.5371286395712694]
[0.6164194605974466, -0.8663843004192155]
[-0.9669487548364885, -0.8250407969234107]
[0.028549539619257866, -0.9445893678748006]
[0.09727178818313985, 0.1427421792737306]